[[  1,  1,  1,  1,  1,  0,  0,  0,  0,  0,  0,  0,  0,  0,  0,  0,  0,  0,
    0,  0,  0,  0,  0,  0,  0,  0,  0,  0,  0,  0,  0,  0,  0,  0,  1,  0,
    1,  0,  0, 47,234,253,254,251,253,253,255,255,255,255,255,255,255,255,
  255,255,255,255,255,255,255,255,255,255,255,255,255,255,255,255,255,255,
  255,255,255,255,255,254,254,253,238,  9,  2,  0,  0,  2,  1,  0,  0,  0,
    0,  0,  0,  0,  0,  0,  0,  0,  0,  0,  0,  0,  0,  0,  0,  0,  0,  0,
    0,  0,  0,  0,  1,  0,  0,  0,  0,  0,  1,  2,  0,  8],
 [  1,  1,  1,  1,  1,  0,  0,  0,  0,  0,  0,  0,  0,  0,  0,  0,  0,  0,
    0,  0,  0,  0,  0,  0,  0,  0,  0,  0,  0,  0,  0,  0,  2,  1,  3,  2,
    3,  3,  2, 52,234,253,254,252,254,253,255,255,255,255,255,255,255,255,
  255,255,255,255,255,255,255,255,255,255,255,255,255,255,255,255,255,255,
  255,255,255,255,255,254,254,253,239, 10,  3,  1,  1,  2,  1,  1,  0,  0,
    0,  0,  0,  0,  0,  0,  0,  0,  0,  0,  0,  0,  0,  0,  0,  0,  0,  0,
    0,  0,  0,  0,  1,  0,  0,  0,  0,  0,  1,  1,  2, 13],
 [  1,  1,255,255,255,255,255,255,255,255,255,255,  0,  0,  0,  0,  0,  0,
    0,  0,  0,  0,  0,  0,  0,  0,  0,  0,  0,  0,  0,  0,  0,  0,  1,  0,
    2,  3,  2, 53,234,253,254,252,254,253,255,255,255,255,255,255,255,255,
  255,255,255,255,255,255,255,255,255,255,255,255,255,255,255,255,255,255,
  255,255,255,255,255,254,254,253,240, 11,  4,  1,  1,  2,  1,  0,  0,  0,
    0,  0,  0,  0,  0,  0,  0,  0,  0,  0,  0,  0,  0,  0,  0,  0,  0,  0,
    0,  0,  0,  0,  0,  0,  0,  0,  0,  0,  1,  1,  2, 12],
 [  1,  1,255,255,255,255,255,255,255,255,255,255,  0,  0,  0,  0,  0,  0,
    0,  0,  0,  0,  0,  0,  0,  0,  0,  0,  0,  0,  0,  0,  0,  0,  0,  0,
    0,  1,  1, 52,234,253,255,253,255,253,255,255,255,255,255,255,255,255,
  255,255,255,255,255,255,255,255,255,255,255,255,255,255,255,255,255,255,
  255,255,255,255,255,254,254,253,241, 12,  4,  1,  0,  1,  0,  0,  0,  0,
    0,  0,  0,  0,  0,  0,  0,  0,  0,  0,  0,  0,  0,  0,  0,  0,  0,  0,
    0,  0,  0,  0,  0,  0,  0,  0,  0,  0,  0,  0,  0,  9],
 [  1,  1,255,255,255,255,255,255,255,255,255,255,  0,  0,  0,  0,  0,  0,
    0,  0,  0,  0,  0,  0,  0,  0,  0,  0,  0,  0,  0,  0,  1,  0,  0,  0,
    0,  1,  2, 53,234,254,255,253,255,254,255,255,255,255,255,255,255,255,
  255,255,255,255,255,255,255,255,255,255,255,255,255,255,255,255,255,255,
  255,255,255,255,255,254,254,253,241, 12,  3,  0,  0,  0,  0,  0,  0,  0,
    0,  0,  0,  0,  0,  0,  0,  0,  0,  0,  0,  0,  0,  0,  0,  0,  0,  0,
    0,  0,  0,  0,  0,  0,  0,  0,  0,  0,  0,  0,  0,  9],
 [  1,  1,255,255,255,255,255,255,255,255,255,255,  0,  0,  0,  0,  0,  0,
    0,  0,  0,  0,  0,  0,  0,  0,  0,  0,  0,  0,  0,  0,  1,  0,  1,  0,
    1,  1,  1, 52,234,254,255,254,255,254,255,255,255,255,255,255,255,255,
  255,255,255,255,255,255,255,255,255,255,255,255,255,255,255,255,255,255,
  255,255,255,255,255,254,254,253,241, 11,  3,  0,  0,  0,  0,  0,  0,  0,
    0,  0,  0,  0,  0,  0,  0,  0,  0,  0,  0,  0,  0,  0,  0,  0,  0,  0,
    0,  0,  0,  0,  0,  0,  0,  0,  0,  0,  0,  0,  0, 10],
 [  1,  1,255,255,255,255,255,255,255,255,255,255,  0,  0,  0,  0,  0,  0,
    0,  0,  0,  0,  0,  0,  0,  0,  0,  0,  0,  0,  0,  0,  0,  0,  0,  0,
    0,  1,  1, 51,234,254,255,254,255,254,255,255,255,255,255,255,255,255,
  255,255,255,255,255,255,255,255,255,255,255,255,255,255,255,255,255,255,
  255,255,255,255,255,254,254,253,241, 12,  3,  0,  0,  0,  0,  0,  0,  0,
    0,  0,  0,  0,  0,  0,  0,  0,  0,  0,  0,  0,  0,  0,  0,  0,  0,  0,
    0,  0,  0,  0,  0,  0,  0,  0,  0,  0,  0,  0,  0,  9],
 [  1,  1,255,255,255,255,255,255,255,255,255,255,  0,  0,  0,  0,  0,  0,
    0,  0,  0,  0,  0,  0,  0,  0,  0,  0,  0,  0,  0,  0,  0,  0,  1,  0,
    2,  2,  2, 52,234,254,255,254,255,255,255,255,255,255,255,255,255,255,
  255,255,255,255,255,255,255,255,255,255,255,255,255,255,255,255,255,255,
  255,255,255,255,255,254,254,253,242, 12,  4,  0,  0,  1,  1,  1,  0,  0,
    0,  0,  0,  0,  0,  0,  0,  0,  0,  0,  0,  0,  0,  0,  0,  0,  0,  0,
    0,  0,  0,  0,  0,  0,  0,  1,  0,  0,  0,  0,  0, 10],
 [  0,  1,255,255,255,255,255,255,255,255,255,255,  0,  0,  0,  0,  0,  0,
    0,  0,  0,  0,  0,  0,  0,  0,  0,  0,  0,  0,  0,  0,  0,  0,  0,  0,
    1,  2,  1, 52,234,253,255,253,255,254,255,255,255,255,255,255,255,255,
  255,255,255,255,255,255,255,255,255,255,255,255,255,255,255,255,255,255,
  255,255,255,255,254,254,254,254,241, 12,  3,  0,  0,  0,  0,  0,  0,  0,
    0,  0,  0,  0,  0,  0,  0,  0,  0,  0,  0,  0,  0,  0,  0,  0,  0,  0,
    0,  0,  0,  0,  0,  0,  0,  0,  0,  0,  0,  0,  1,  8],
 [  0,  1,255,255,255,255,255,255,255,255,255,255,  0,  0,  0,  0,  0,  0,
    0,  0,  0,  0,  0,  0,  0,  0,  0,  0,  0,  0,  0,  0,  0,  0,  0,  0,
    1,  2,  1, 52,234,253,255,253,255,254,255,255,255,255,255,255,255,255,
  255,255,255,255,255,255,255,255,255,255,255,255,255,255,255,255,255,255,
  255,255,255,255,254,254,254,254,241, 12,  3,  0,  0,  0,  0,  0,  0,  0,
    0,  0,  0,  0,  0,  0,  0,  0,  0,  0,  0,  0,  0,  0,  0,  0,  0,  0,
    0,  0,  0,  0,  0,  0,  0,  0,  0,  0,  0,  0,  1,  8],
 [  0,  1,255,255,255,255,255,255,255,255,255,255,  0,  0,  0,  0,  0,  0,
    0,  0,  0,  0,  0,  0,  0,  0,  0,  0,  0,  0,  0,  0,  0,  0,  0,  0,
    1,  2,  1, 52,234,253,255,253,255,254,255,255,255,255,255,255,255,255,
  255,255,255,255,255,255,255,255,255,255,255,255,255,255,255,255,255,255,
  255,255,255,255,254,254,254,254,241, 12,  3,  0,  0,  0,  0,  0,  0,  0,
    0,  0,  0,  0,  0,  0,  0,  0,  0,  0,  0,  0,  0,  0,  0,  0,  0,  0,
    0,  0,  0,  0,  0,  0,  0,  0,  0,  0,  0,  0,  1,  8],
 [  0,  1,255,255,255,255,255,255,255,255,255,255,  0,  0,  0,  0,  0,  0,
    0,  0,  0,  0,  0,  0,  0,  0,  0,  0,  0,  0,  0,  0,  0,  0,  0,  0,
    1,  2,  1, 52,234,253,255,253,255,254,255,255,255,255,255,255,255,255,
  255,255,255,255,255,255,255,255,255,255,255,255,255,255,255,255,255,255,
  255,255,255,255,254,254,254,254,241, 12,  3,  0,  0,  0,  0,  0,  0,  0,
    0,  0,  0,  0,  0,  0,  0,  0,  0,  0,  0,  0,  0,  0,  0,  0,  0,  0,
    0,  0,  0,  0,  0,  0,  0,  0,  0,  0,  0,  0,  1,  8],
 [  0,  1,  1,  2,  1,  0,  0,  0,  0,  0,  0,  0,  0,  0,  0,  0,  0,  0,
    0,  0,  0,  0,  0,  0,  0,  0,  0,  0,  0,  0,  0,  0,  0,  0,  0,  0,
    1,  2,  1, 52,234,253,255,253,255,254,255,255,255,255,255,255,255,255,
  255,255,255,255,255,255,255,255,255,255,255,255,255,255,255,255,255,255,
  255,255,255,255,254,254,254,254,241, 12,  3,  0,  0,  0,  0,  0,  0,  0,
    0,  0,  0,  0,  0,  0,  0,  0,  0,  0,  0,  0,  0,  0,  0,  0,  0,  0,
    0,  0,  0,  0,  0,  0,  0,  0,  0,  0,  0,  0,  1,  8],
 [  0,  1,  1,  2,  1,  0,  0,  0,  0,  0,  0,  0,  0,  0,  0,  0,  0,  0,
    0,  0,  0,  0,  0,  0,  0,  0,  0,  0,  0,  0,  0,  0,  0,  0,  0,  0,
    1,  2,  1, 52,234,253,255,253,255,254,255,255,255,255,255,255,255,255,
  255,255,255,255,255,255,255,255,255,255,255,255,255,255,255,255,255,255,
  255,255,255,255,254,254,254,254,241, 12,  3,  0,  0,  0,  0,  0,  0,  0,
    0,  0,  0,  0,  0,  0,  0,  0,  0,  0,  0,  0,  0,  0,  0,  0,  0,  0,
    0,  0,  0,  0,  0,  0,  0,  0,  0,  0,  0,  0,  1,  8],
 [  0,  1,  1,  2,  1,  0,  0,  0,  0,  0,  0,  0,  0,  0,  0,  0,  0,  0,
    0,  0,  0,  0,  0,  0,  0,  0,  0,  0,  0,  0,  0,  0,  0,  0,  0,  0,
    1,  2,  1, 52,234,253,255,253,255,254,255,255,255,255,255,255,255,255,
  255,255,255,255,255,255,255,255,255,255,255,255,255,255,255,255,255,255,
  255,255,255,255,254,254,254,254,241, 12,  3,  0,  0,  0,  0,  0,  0,  0,
    0,  0,  0,  0,  0,  0,  0,  0,  0,  0,  0,  0,  0,  0,  0,  0,  0,  0,
    0,  0,  0,  0,  0,  0,  0,  0,  0,  0,  0,  0,  1,  8],
 [  0,  1,  1,  2,  1,  0,  0,  0,  0,  0,  0,  0,  0,  0,  0,  0,  0,  0,
    0,  0,  0,  0,  0,  0,  0,  0,  0,  0,  0,  0,  0,  0,  0,  0,  0,  0,
    1,  2,  1, 52,234,253,255,253,255,254,255,255,255,255,255,255,255,255,
  255,255,255,255,255,255,255,255,255,255,255,255,255,255,255,255,255,255,
  255,255,255,255,254,254,254,254,241, 12,  3,  0,  0,  0,  0,  0,  0,  0,
    0,  0,  0,  0,  0,  0,  0,  0,  0,  0,  0,  0,  0,  0,  0,  0,  0,  0,
    0,  0,  0,  0,  0,  0,  0,  0,  0,  0,  0,  0,  1,  8],
 [  0,  1,  1,  2,  1,  0,  0,  0,  0,  0,  0,  0,  0,  0,  0,  0,  0,  0,
    0,  0,  0,  0,  0,  0,  0,  0,  0,  0,  0,  0,  0,  0,  0,  0,  0,  0,
    1,  2,  1, 52,234,253,255,253,255,254,255,255,255,255,255,255,255,255,
  255,255,255,255,255,255,255,255,255,255,255,255,255,255,255,255,255,255,
  255,255,255,255,254,254,254,254,241, 12,  3,  0,  0,  0,  0,  0,  0,  0,
    0,  0,  0,  0,  0,  0,  0,  0,  0,  0,  0,  0,  0,  0,  0,  0,  0,  0,
    0,  0,  0,  0,  0,  0,  0,  0,  0,  0,  0,  0,  1,  8],
 [  0,  1,  1,  2,  1,  0,  0,  0,  0,  0,  0,  0,  0,  0,  0,  0,  0,  0,
    0,  0,  0,  0,  0,  0,  0,  0,  0,  0,  0,  0,  0,  0,  0,  0,  0,  0,
    1,  2,  1, 52,234,253,255,253,255,254,255,255,255,255,255,255,255,255,
  255,255,255,255,255,255,255,255,255,255,255,255,255,255,255,255,255,255,
  255,255,255,255,254,254,254,254,241, 12,  3,  0,  0,  0,  0,  0,  0,  0,
    0,  0,  0,  0,  0,  0,  0,  0,  0,  0,  0,  0,  0,  0,  0,  0,  0,  0,
    0,  0,  0,  0,  0,  0,  0,  0,  0,  0,  0,  0,  1,  8],
 [  0,  1,  1,  2,  1,  0,  0,  0,  0,  0,  0,  0,  0,  0,  0,  0,  0,  0,
    0,  0,  0,  0,  0,  0,  0,  0,  0,  0,  0,  0,  0,  0,  0,  0,  0,  0,
    1,  2,  1, 52,234,253,255,253,255,254,255,255,255,255,255,255,255,255,
  255,255,255,255,255,255,255,255,255,255,255,255,255,255,255,255,255,255,
  255,255,255,255,254,254,254,254,241, 12,  3,  0,  0,  0,  0,  0,  0,  0,
    0,  0,  0,  0,  0,  0,  0,  0,  0,  0,  0,  0,  0,  0,  0,  0,  0,  0,
    0,  0,  0,  0,  0,  0,  0,  0,  0,  0,  0,  0,  1,  8],
 [  0,  1,  1,  2,  1,  0,  0,  0,  0,  0,  0,  0,  0,  0,  0,  0,  0,  0,
    0,  0,  0,  0,  0,  0,  0,  0,  0,  0,  0,  0,  0,  0,  0,  0,  0,  0,
    1,  2,  1, 52,234,253,255,253,255,254,255,255,255,255,255,255,255,255,
  255,255,255,255,255,255,255,255,255,255,255,255,255,255,255,255,255,255,
  255,255,255,255,254,254,254,254,241, 12,  3,  0,  0,  0,  0,  0,  0,  0,
    0,  0,  0,  0,  0,  0,  0,  0,  0,  0,  0,  0,  0,  0,  0,  0,  0,  0,
    0,  0,  0,  0,  0,  0,  0,  0,  0,  0,  0,  0,  1,  8],
 [  0,  1,  1,  2,  1,  0,  0,  0,  0,  0,  0,  0,  0,  0,  0,  0,  0,  0,
    0,  0,  0,  0,  0,  0,  0,  0,  0,  0,  0,  0,  0,  0,  0,  0,  0,  0,
    1,  2,  1, 52,234,253,255,253,255,254,255,255,255,255,255,255,255,255,
  255,255,255,255,255,255,255,255,255,255,255,255,255,255,255,255,255,255,
  255,255,255,255,254,254,254,254,241, 12,  3,  0,  0,  0,  0,  0,  0,  0,
    0,  0,  0,  0,  0,  0,  0,  0,  0,  0,  0,  0,  0,  0,  0,  0,  0,  0,
    0,  0,  0,  0,  0,  0,  0,  0,  0,  0,  0,  0,  1,  8],
 [  0,  1,  1,  2,  1,  0,  0,  0,  0,  0,  0,  0,  0,  0,  0,  0,  0,  0,
    0,  0,  0,  0,  0,  0,  0,  0,  0,  0,  0,  0,  0,  0,  0,  0,  0,  0,
    1,  2,  1, 52,234,253,255,253,255,254,255,255,255,255,255,255,255,255,
  255,255,255,255,255,255,255,255,255,255,255,255,255,255,255,255,255,255,
  255,255,255,255,254,254,254,254,241, 12,  3,  0,  0,  0,  0,  0,  0,  0,
    0,  0,  0,  0,  0,  0,  0,  0,  0,  0,  0,  0,  0,  0,  0,  0,  0,  0,
    0,  0,  0,  0,  0,  0,  0,  0,  0,  0,  0,  0,  1,  8],
 [  0,  1,  1,  2,  1,  0,  0,  0,  0,  0,  0,  0,  0,  0,  0,  0,  0,  0,
    0,  0,  0,  0,  0,  0,  0,  0,  0,  0,  0,  0,  0,  0,  0,  0,  0,  0,
    1,  2,  1, 52,234,253,255,253,255,254,255,255,255,255,255,255,255,255,
  255,255,255,255,255,255,255,255,255,255,255,255,255,255,255,255,255,255,
  255,255,255,255,254,254,254,254,241, 12,  3,  0,  0,  0,  0,  0,  0,  0,
    0,  0,  0,  0,  0,  0,  0,  0,  0,  0,  0,  0,  0,  0,  0,  0,  0,  0,
    0,  0,  0,  0,  0,  0,  0,  0,  0,  0,  0,  0,  1,  8],
 [  0,  1,  1,  2,  1,  0,  0,  0,  0,  0,  0,  0,  0,  0,  0,  0,  0,  0,
    0,  0,  0,  0,  0,  0,  0,  0,  0,  0,  0,  0,  0,  0,  0,  0,  0,  0,
    1,  2,  1, 52,234,253,255,253,255,254,255,255,255,255,255,255,255,255,
  255,255,255,255,255,255,255,255,255,255,255,255,255,255,255,255,255,255,
  255,255,255,255,254,254,254,254,241, 12,  3,  0,  0,  0,  0,  0,  0,  0,
    0,  0,  0,  0,  0,  0,  0,  0,  0,  0,  0,  0,  0,  0,  0,  0,  0,  0,
    0,  0,  0,  0,  0,  0,  0,  0,  0,  0,  0,  0,  1,  8],
 [  0,  1,  1,  2,  1,  0,  0,  0,  0,  0,  0,  0,  0,  0,  0,  0,  0,  0,
    0,  0,  0,  0,  0,  0,  0,  0,  0,  0,  0,  0,  0,  0,  0,  0,  0,  0,
    1,  2,  1, 52,234,253,255,253,255,254,255,255,255,255,255,255,255,255,
  255,255,255,255,255,255,255,255,255,255,255,255,255,255,255,255,255,255,
  255,255,255,255,254,254,254,254,241, 12,  3,  0,  0,  0,  0,  0,  0,  0,
    0,  0,  0,  0,  0,  0,  0,  0,  0,  0,  0,  0,  0,  0,  0,  0,  0,  0,
    0,  0,  0,  0,  0,  0,  0,  0,  0,  0,  0,  0,  1,  8],
 [  0,  1,  1,  2,  1,  0,  0,  0,  0,  0,  0,  0,  0,  0,  0,  0,  0,  0,
    0,  0,  0,  0,  0,  0,  0,  0,  0,  0,  0,  0,  0,  0,  0,  0,  0,  0,
    1,  2,  1, 52,234,253,255,253,255,254,255,255,255,255,255,255,255,255,
  255,255,255,255,255,255,255,255,255,255,255,255,255,255,255,255,255,255,
  255,255,255,255,254,254,254,254,241, 12,  3,  0,  0,  0,  0,  0,  0,  0,
    0,  0,  0,  0,  0,  0,  0,  0,  0,  0,  0,  0,  0,  0,  0,  0,  0,  0,
    0,  0,  0,  0,  0,  0,  0,  0,  0,  0,  0,  0,  1,  8],
 [  0,  1,  1,  2,  1,  0,  0,  0,  0,  0,  0,  0,  0,  0,  0,  0,  0,  0,
    0,  0,  0,  0,  0,  0,  0,  0,  0,  0,  0,  0,  0,  0,  0,  0,  0,  0,
    1,  2,  1, 52,234,253,255,253,255,254,255,255,255,255,255,255,255,255,
  255,255,255,255,255,255,255,255,255,255,255,255,255,255,255,255,255,255,
  255,255,255,255,254,254,254,254,241, 12,  3,  0,  0,  0,  0,  0,  0,  0,
    0,  0,  0,  0,  0,  0,  0,  0,  0,  0,  0,  0,  0,  0,  0,  0,  0,  0,
    0,  0,  0,  0,  0,  0,  0,  0,  0,  0,  0,  0,  1,  8],
 [  0,  1,  1,  2,  1,  0,  0,  0,  0,  0,  0,  0,  0,  0,  0,  0,  0,  0,
    0,  0,  0,  0,  0,  0,  0,  0,  0,  0,  0,  0,  0,  0,  0,  0,  0,  0,
    1,  2,  1, 52,234,253,255,253,255,254,255,255,255,255,255,255,255,255,
  255,255,255,255,255,255,255,255,255,255,255,255,255,255,255,255,255,255,
  255,255,255,255,254,254,254,254,241, 12,  3,  0,  0,  0,  0,  0,  0,  0,
    0,  0,  0,  0,  0,  0,  0,  0,  0,  0,  0,  0,  0,  0,  0,  0,  0,  0,
    0,  0,  0,  0,  0,  0,  0,  0,  0,  0,  0,  0,  1,  8],
 [  0,  1,  1,  2,  1,  0,  0,  0,  0,  0,  0,  0,  0,  0,  0,  0,  0,  0,
    0,  0,  0,  0,  0,  0,  0,  0,  0,  0,  0,  0,  0,  0,  0,  0,  0,  0,
    1,  2,  1, 52,234,253,255,253,255,254,255,255,255,255,255,255,255,255,
  255,255,255,255,255,255,255,255,255,255,255,255,255,255,255,255,255,255,
  255,255,255,255,254,254,254,254,241, 12,  3,  0,  0,  0,  0,  0,  0,  0,
    0,  0,  0,  0,  0,  0,  0,  0,  0,  0,  0,  0,  0,  0,  0,  0,  0,  0,
    0,  0,  0,  0,  0,  0,  0,  0,  0,  0,  0,  0,  1,  8],
 [  0,  1,  1,  2,  1,  0,  0,  0,  0,  0,  0,  0,  0,  0,  0,  0,  0,  0,
    0,  0,  0,  0,  0,  0,  0,  0,  0,  0,  0,  0,  0,  0,  0,  0,  0,  0,
    1,  2,  1, 52,234,253,255,253,255,254,255,255,255,255,255,255,255,255,
  255,255,255,255,255,255,255,255,255,255,255,255,255,255,255,255,255,255,
  255,255,255,255,254,254,254,254,241, 12,  3,  0,  0,  0,  0,  0,  0,  0,
    0,  0,  0,  0,  0,  0,  0,  0,  0,  0,  0,  0,  0,  0,  0,  0,  0,  0,
    0,  0,  0,  0,  0,  0,  0,  0,  0,  0,  0,  0,  1,  8],
 [  0,  1,  1,  2,  1,  0,  0,  0,  0,  0,  0,  0,  0,  0,  0,  0,  0,  0,
    0,  0,  0,  0,  0,  0,  0,  0,  0,  0,  0,  0,  0,  0,  0,  0,  0,  0,
    1,  2,  1, 52,234,253,255,253,255,254,255,255,255,255,255,255,255,255,
  255,255,255,255,255,255,255,255,255,255,255,255,255,255,255,255,255,255,
  255,255,255,255,254,254,254,254,241, 12,  3,  0,  0,  0,  0,  0,  0,  0,
    0,  0,  0,  0,  0,  0,  0,  0,  0,  0,  0,  0,  0,  0,  0,  0,  0,  0,
    0,  0,  0,  0,  0,  0,  0,  0,  0,  0,  0,  0,  1,  8],
 [  0,  1,  1,  2,  1,  0,  0,  0,  0,  0,  0,  0,  0,  0,  0,  0,  0,  0,
    0,  0,  0,  0,  0,  0,  0,  0,  0,  0,  0,  0,  0,  0,  0,  0,  0,  0,
    1,  2,  1, 52,234,253,255,253,255,254,255,255,255,255,255,255,255,255,
  255,255,255,255,255,255,255,255,255,255,255,255,255,255,255,255,255,255,
  255,255,255,255,254,254,254,254,241, 12,  3,  0,  0,  0,  0,  0,  0,  0,
    0,  0,  0,  0,  0,  0,  0,  0,  0,  0,  0,  0,  0,  0,  0,  0,  0,  0,
    0,  0,  0,  0,  0,  0,  0,  0,  0,  0,  0,  0,  1,  8],
 [  1,  1,  2,  1,  0,  0,  0,  0,  0,  0,  0,  0,  0,  0,  0,  0,  0,  0,
    0,  0,  0,  0,  0,  0,  0,  0,  0,  0,  0,  0,  0,  0,  1,  0,  1,  0,
    0,  1,  1, 53,237,252,254,255,255,252,253,254,255,255,255,255,255,255,
  255,254,254,254,254,254,254,255,255,255,255,255,255,255,255,255,255,255,
  255,255,255,255,255,254,254,254,243, 11,  0,  6,  0,  0,  1,  0,  1,  1,
    1,  1,  1,  1,  1,  1,  1,  1,  1,  1,  1,  1,  1,  1,  0,  0,  0,  0,
    0,  0,  0,  0,  0,  0,  0,  0,  0,  0,  0,  0,  3,  8],
 [  1,  1,  2,  2,  1,  0,  0,  0,  0,  0,  0,  0,  0,  0,  0,  0,  0,  0,
    0,  0,  0,  0,  0,  0,  1,  1,  1,  1,  1,  1,  1,  1,  1,  0,  1,  0,
    1,  2,  2, 54,233,254,255,253,255,253,255,254,255,255,255,255,255,255,
  255,255,255,255,255,255,255,255,255,255,255,255,255,255,255,255,255,255,
  255,254,254,254,254,253,253,253,243, 14,  1,  1,  0,  0,  3,  0,  0,  0,
    0,  0,  0,  0,  0,  0,  0,  0,  0,  0,  0,  0,  0,  0,  0,  0,  0,  0,
    0,  0,  0,  0,  1,  1,  0,  0,  0,  0,  0,  0,  2,  8],
 [  0,  1,  2,  2,  1,  1,  1,  1,  0,  0,  0,  0,  0,  0,  0,  0,  0,  0,
    0,  0,  0,  0,  0,  0,  0,  0,  0,  0,  0,  0,  0,  0,  0,  0,  1,  0,
    1,  1,  1, 52,232,255,255,252,254,255,255,255,255,255,255,255,255,255,
  255,255,254,254,254,255,255,255,255,255,255,255,255,255,255,255,255,255,
  255,254,254,254,254,253,253,253,240, 15,  4,  0,  0,  1,  5,  0,  0,  0,
    0,  0,  0,  0,  0,  0,  0,  0,  0,  0,  0,  0,  0,  0,  0,  0,  0,  0,
    0,  0,  0,  0,  1,  1,  1,  0,  0,  0,  0,  0,  0,  7],
 [  0,  0,  1,  1,  1,  0,  1,  1,  0,  0,  0,  0,  0,  0,  0,  0,  0,  0,
    0,  0,  0,  0,  0,  0,  0,  0,  0,  0,  0,  0,  0,  0,  0,  0,  1,  0,
    1,  1,  0, 51,233,254,255,252,254,254,255,254,254,254,254,254,255,255,
  255,255,254,254,254,255,255,255,255,255,255,255,255,255,255,255,255,255,
  255,255,255,255,255,254,254,254,236, 13,  4,  0,  4,  3,  5,  0,  1,  1,
    1,  1,  1,  1,  1,  1,  1,  1,  1,  1,  1,  1,  1,  1,  0,  0,  0,  0,
    0,  0,  0,  0,  0,  0,  0,  0,  0,  0,  1,  1,  4, 12],
 [  0,  0,  1,  1,  0,  0,  0,  1,  2,  2,  2,  2,  2,  2,  2,  2,  1,  1,
    1,  1,  1,  1,  1,  1,  2,  2,  2,  2,  2,  2,  2,  2,  2,  1,  3,  1,
    2,  1,  1, 51,236,252,252,252,255,252,253,253,254,254,254,254,254,253,
  253,253,255,255,255,255,255,255,254,254,255,255,255,255,255,255,255,255,
  255,255,255,255,255,254,254,254,238, 14,  2,  3,  6,  3,  1,  0,  1,  1,
    1,  1,  1,  1,  1,  1,  1,  1,  1,  1,  1,  1,  1,  1,  0,  0,  0,  0,
    0,  0,  0,  0,  0,  0,  0,  0,  0,  0,  1,  1,  4, 10],
 [  0,  0,  1,  1,  0,  0,  0,  0,  1,  1,  1,  1,  1,  1,  1,  1,  1,  1,
    1,  1,  1,  1,  1,  1,  0,  0,  0,  0,  0,  0,  0,  0,  1,  0,  1,  0,
    0,  0,  0, 51,239,253,254,255,255,253,254,255,255,254,254,253,252,252,
  251,251,249,250,251,253,254,254,254,254,255,255,255,255,255,255,255,255,
  255,254,254,254,254,253,253,253,241, 19,  0,  3,  3,  3,  0,  3,  0,  0,
    0,  0,  0,  0,  0,  0,  0,  0,  0,  0,  0,  0,  0,  0,  0,  0,  0,  0,
    0,  0,  0,  0,  0,  0,  0,  0,  0,  1,  1,  1,  7, 10],
 [  1,  2,  2,  2,  1,  1,  1,  1,  0,  0,  0,  0,  0,  0,  0,  0,  1,  1,
    1,  1,  1,  1,  1,  1,  0,  0,  0,  0,  0,  0,  0,  0,  0,  0,  0,  0,
    0,  0,  1, 52,234,254,255,253,253,251,254,255,255,255,254,252,251,250,
  249,248,245,246,248,251,253,255,255,255,255,255,255,255,255,255,255,255,
  255,254,254,254,254,253,253,253,238, 22,  0,  3,  0,  8,  0,  4,  0,  0,
    0,  0,  0,  0,  0,  0,  0,  0,  0,  0,  0,  0,  0,  0,  0,  0,  0,  0,
    0,  0,  0,  0,  2,  1,  1,  1,  1,  1,  1,  1,  0,  1],
 [  2,  3,  3,  3,  2,  1,  1,  1,  2,  2,  2,  2,  2,  2,  2,  2,  1,  1,
    1,  1,  1,  1,  1,  1,  2,  2,  2,  2,  2,  2,  2,  2,  2,  1,  3,  1,
    3,  4,  5, 57,225,250,254,247,245,246,251,252,255,255,254,252,250,248,
  247,246,250,251,253,254,255,255,255,255,255,255,255,255,255,255,255,255,
  255,255,255,255,255,254,254,254,231, 23,  0,  5,  0, 14,  1,  3,  1,  1,
    1,  1,  1,  1,  1,  1,  1,  1,  1,  1,  1,  1,  1,  1,  0,  0,  0,  0,
    0,  0,  0,  0,  4,  3,  3,  2,  2,  1,  1,  1,  4, 12],
 [125,127,128,126,126,127,128,127,129,129,126,129,128,128,130,122,129,128,
  125,125,128,127,126,130,127,128,128,127,127,126,126,127,129,130,129,125,
  127,122,130, 85, 91, 83, 87, 88, 89, 81, 84, 83, 80, 80, 79, 79, 79, 79,
   79, 78, 81, 81, 81, 81, 81, 81, 81, 81, 81, 81, 81, 81, 81, 81, 81, 81,
   81, 81, 81, 81, 81, 82, 82, 82, 83,104,115,129,129,106,127,124,126,126,
  124,121,121,124,126,126,129,127,125,125,127,129,127,122,125,123,124,126,
  126,124,123,123,126,129,130,125,122,124,126,126,136,122],
 [243,245,246,244,243,245,245,245,245,246,244,246,245,244,246,238,232,233,
  232,233,237,237,237,242,245,245,246,246,245,245,245,245,240,244,241,241,
  247,242,237,163, 13,  2,  3,  1,  3,  0,  3,  2,  3,  3,  3,  3,  3,  3,
    3,  3,  2,  2,  2,  2,  2,  2,  2,  2,  1,  1,  1,  1,  1,  1,  1,  1,
    0,  0,  0,  1,  1,  1,  1,  2, 31,168,236,245,232,228,240,237,243,243,
  241,238,237,240,242,242,245,243,240,240,243,245,243,238,240,241,243,245,
  245,243,240,237,241,245,245,240,238,240,242,243,244,231],
 [252,253,254,253,252,253,254,253,253,254,252,255,253,252,253,244,247,248,
  247,248,250,248,247,251,253,254,254,254,254,254,254,254,255,255,253,252,
  255,255,251,153, 16,  3,  1,  0,  2,  0,  3,  2,  0,  0,  0,  0,  0,  0,
    0,  0,  1,  1,  1,  1,  1,  1,  1,  1,  0,  0,  0,  0,  0,  0,  0,  0,
    1,  1,  1,  2,  2,  2,  2,  2, 11,189,252,254,246,255,252,255,252,252,
  250,247,246,248,250,250,253,250,246,246,251,254,250,245,248,252,253,253,
  253,253,250,245,248,252,252,247,245,247,250,251,253,240],
 [254,255,255,255,254,255,255,255,254,255,254,255,255,253,253,244,253,255,
  255,254,254,249,247,250,255,255,255,254,254,254,253,252,252,255,255,255,
  253,253,255,154, 15,  2,  1,  0,  5,  0,  2,  0,  1,  1,  1,  1,  1,  1,
    1,  1,  0,  0,  0,  0,  0,  0,  0,  0,  0,  0,  0,  0,  0,  0,  0,  0,
    0,  0,  0,  0,  1,  1,  1,  1, 16,193,249,252,247,248,239,251,254,255,
  254,251,249,251,253,254,255,252,248,248,253,255,252,246,251,255,255,253,
  253,255,253,247,250,254,254,249,247,250,253,254,253,242],
 [254,254,255,255,254,254,254,255,254,255,254,255,255,252,252,243,249,253,
  253,253,252,248,246,250,255,254,253,252,251,251,250,249,244,252,253,255,
  254,250,254,151, 15,  2,  2,  2,  7,  2,  3,  0,  0,  0,  0,  0,  0,  0,
    0,  0,  1,  1,  1,  1,  1,  1,  1,  1,  2,  2,  2,  2,  2,  2,  2,  2,
    1,  1,  1,  2,  2,  2,  2,  2,  8,184,251,251,252,251,246,248,253,255,
  254,251,249,251,254,255,255,253,248,248,252,255,252,246,250,254,255,254,
  254,255,252,245,250,254,254,249,247,249,253,254,252,242],
 [253,253,253,254,254,253,253,255,254,255,253,255,254,252,252,242,249,253,
  254,254,252,247,246,251,255,253,250,249,249,249,249,248,249,248,249,255,
  255,251,249,151, 13,  0,  0,  0,  2,  0,  1,  0,  2,  2,  2,  1,  1,  1,
    1,  0,  0,  0,  0,  0,  0,  0,  0,  0,  0,  0,  0,  0,  0,  0,  0,  0,
    0,  0,  0,  0,  0,  0,  0,  0, 19,178,245,245,251,248,249,244,250,252,
  252,250,248,249,252,253,255,252,247,247,251,254,251,246,246,251,255,255,
  255,254,249,242,250,253,253,248,245,248,251,252,254,243],
 [255,254,255,255,255,254,255,255,255,255,254,255,255,253,254,244,248,253,
  254,253,251,245,244,249,255,254,251,250,251,253,253,253,252,245,245,249,
  251,250,244,152, 17,  3,  2,  0,  4,  0,  3,  2,  0,  0,  0,  0,  0,  0,
    0,  0,  0,  0,  0,  0,  0,  0,  0,  0,  1,  1,  1,  1,  1,  1,  1,  1,
    2,  2,  2,  2,  2,  3,  3,  3, 13,180,254,255,255,246,247,251,251,254,
  254,251,248,249,252,253,255,253,249,249,252,255,254,250,248,250,253,255,
  255,253,249,245,252,255,255,250,247,250,253,254,253,242],
 [255,253,254,255,255,253,254,255,254,255,253,255,254,252,253,244,246,251,
  253,253,251,246,246,252,255,252,249,249,252,254,255,255,248,243,249,250,
  253,253,242,154, 14,  2,  2,  1,  4,  0,  1,  0,  0,  0,  0,  0,  0,  0,
    1,  1,  0,  0,  0,  0,  0,  0,  0,  0,  0,  0,  0,  0,  0,  0,  0,  0,
    0,  0,  0,  0,  1,  1,  1,  1, 11,188,255,252,255,254,248,246,251,254,
  254,251,248,248,251,252,254,252,250,249,252,255,255,252,249,248,248,251,
  251,249,248,248,253,255,255,250,247,249,253,254,254,243],
 [254,255,252,255,255,252,255,254,254,254,254,253,255,255,252,249,246,246,
  246,245,244,247,251,255,255,254,250,247,248,251,251,250,245,244,246,249,
  251,250,249,157, 16,  3,  1,  0,  4,  0,  1,  0,  0,  0,  0,  0,  0,  0,
    0,  0,  0,  0,  0,  0,  0,  0,  0,  0,  0,  0,  0,  0,  0,  0,  0,  0,
    0,  0,  0,  0,  0,  0,  0,  0, 13,186,252,255,255,248,249,249,251,253,
  254,253,251,250,252,253,253,255,254,249,249,254,255,253,252,251,249,248,
  248,249,251,252,254,255,253,251,251,252,253,253,253,242],
 [254,255,252,255,255,252,255,254,254,254,254,254,255,255,252,248,248,250,
  251,249,246,246,250,254,255,253,248,246,248,251,251,248,249,249,249,251,
  251,249,247,154, 15,  2,  1,  0,  4,  0,  1,  0,  0,  0,  0,  0,  0,  0,
    0,  0,  0,  0,  0,  0,  0,  0,  0,  0,  0,  0,  0,  0,  0,  0,  0,  0,
    0,  0,  0,  0,  0,  0,  0,  0, 13,185,249,250,250,245,249,251,254,255,
  255,254,251,250,250,251,253,255,254,250,250,254,255,253,253,252,251,250,
  250,251,252,253,255,255,254,252,252,254,254,253,253,242],
 [254,255,252,255,255,252,255,254,254,255,255,254,255,255,251,247,248,252,
  255,253,249,247,250,254,255,252,247,246,249,253,253,250,253,254,254,254,
  251,248,245,152, 14,  1,  0,  0,  4,  0,  2,  0,  0,  0,  0,  0,  0,  0,
    0,  0,  0,  0,  0,  0,  0,  0,  0,  0,  0,  0,  0,  0,  0,  0,  0,  0,
    0,  0,  0,  0,  0,  0,  0,  0, 14,186,248,249,249,246,251,253,255,255,
  255,255,252,251,251,252,254,255,255,252,252,255,255,254,255,254,254,253,
  253,254,254,255,255,255,255,254,254,255,255,254,253,242],
 [254,255,252,255,255,252,255,254,254,255,255,255,255,255,251,246,248,252,
  255,255,252,250,250,252,255,253,250,248,251,255,255,254,254,255,255,255,
  251,248,245,152, 13,  1,  0,  0,  4,  0,  3,  0,  0,  0,  0,  0,  0,  0,
    0,  0,  0,  0,  0,  0,  0,  0,  0,  0,  0,  0,  0,  0,  0,  0,  0,  0,
    0,  0,  0,  0,  0,  0,  0,  0, 14,188,253,254,254,251,255,255,254,255,
  255,255,254,253,254,254,254,255,255,254,254,255,255,254,255,255,255,255,
  255,255,255,255,255,255,255,255,255,255,255,253,253,242],
 [254,255,252,255,255,252,255,254,254,255,255,255,255,255,251,246,249,251,
  253,255,254,252,250,248,252,253,252,249,248,251,253,254,251,254,255,254,
  252,250,248,153, 13,  0,  0,  0,  4,  0,  3,  1,  0,  0,  0,  0,  0,  0,
    0,  0,  0,  0,  0,  0,  0,  0,  0,  0,  0,  0,  0,  0,  0,  0,  0,  0,
    0,  0,  0,  0,  0,  0,  0,  0, 14,189,255,255,255,253,255,255,254,254,
  255,255,255,255,255,255,255,255,255,255,255,255,255,255,255,255,255,255,
  255,255,255,255,254,255,255,255,255,255,254,253,253,242],
 [254,255,252,255,255,252,255,254,254,255,255,254,255,255,251,247,250,251,
  253,254,254,252,249,246,251,253,253,249,246,246,248,249,249,252,253,253,
  253,253,250,154, 13,  0,  0,  0,  4,  0,  3,  1,  0,  0,  0,  0,  0,  0,
    0,  0,  0,  0,  0,  0,  0,  0,  0,  0,  0,  0,  0,  0,  0,  0,  0,  0,
    0,  0,  0,  0,  0,  0,  0,  0, 14,189,253,253,253,252,255,255,255,255,
  255,255,255,255,255,255,255,255,255,255,255,255,255,255,255,255,255,255,
  255,255,255,255,254,255,255,255,254,255,254,252,253,242],
 [254,255,252,255,255,252,255,254,254,254,254,254,255,255,252,248,250,252,
  254,255,255,253,251,249,252,254,254,251,248,247,247,247,249,252,252,253,
  254,255,252,154, 13,  0,  0,  0,  4,  0,  2,  0,  0,  0,  0,  0,  0,  0,
    0,  0,  0,  0,  0,  0,  0,  0,  0,  0,  0,  0,  0,  0,  0,  0,  0,  0,
    0,  0,  0,  0,  0,  0,  0,  0, 14,189,253,252,252,251,255,254,255,255,
  255,255,255,255,255,254,255,255,255,255,255,255,255,255,255,255,255,255,
  255,255,255,255,254,255,255,254,254,255,255,253,253,242],
 [254,255,252,255,255,252,255,254,254,254,254,253,255,255,252,249,248,252,
  255,255,255,253,253,254,254,255,255,254,252,252,252,250,251,253,252,253,
  255,255,252,153, 13,  0,  0,  0,  3,  0,  2,  0,  0,  0,  0,  0,  0,  0,
    0,  0,  0,  0,  0,  0,  0,  0,  0,  0,  0,  0,  0,  0,  0,  0,  0,  0,
    0,  0,  0,  0,  0,  0,  0,  0, 14,190,255,255,255,254,255,254,255,255,
  254,255,255,255,255,255,255,255,254,255,255,254,255,255,255,255,255,254,
  254,255,255,255,255,255,255,255,254,255,255,254,253,242],
 [254,255,252,255,255,252,255,254,254,254,255,255,255,255,254,254,254,254,
  254,254,255,255,255,255,254,254,254,254,254,254,254,254,255,254,255,255,
  254,255,254,155, 15,  1,  2,  0,  2,  0,  1,  0,  0,  0,  0,  0,  0,  0,
    0,  0,  0,  0,  0,  0,  0,  0,  0,  0,  0,  0,  0,  0,  0,  0,  0,  0,
    0,  0,  0,  0,  0,  0,  0,  0, 14,189,254,254,254,253,255,255,255,255,
  255,255,255,255,255,255,255,255,255,255,255,255,255,255,255,255,255,255,
  255,255,255,255,255,255,255,255,255,255,254,253,253,242],
 [254,255,252,255,255,252,255,254,254,254,255,255,255,255,254,254,254,254,
  254,254,254,254,254,254,254,254,254,254,254,254,254,254,255,254,255,255,
  254,255,254,155, 15,  1,  3,  0,  2,  0,  1,  0,  0,  0,  0,  0,  0,  0,
    0,  0,  0,  0,  0,  0,  0,  0,  0,  0,  0,  0,  0,  0,  0,  0,  0,  0,
    0,  0,  0,  0,  0,  0,  0,  0, 14,189,254,254,254,253,255,255,255,255,
  255,255,255,255,255,255,255,255,255,255,255,255,255,255,255,255,255,255,
  255,255,255,255,255,255,255,255,255,255,254,253,253,242],
 [254,255,252,255,255,252,255,254,254,254,255,255,255,255,254,254,255,255,
  254,254,254,254,253,253,255,255,255,255,255,255,255,255,255,254,255,255,
  254,255,254,155, 14,  1,  3,  0,  2,  0,  1,  0,  0,  0,  0,  0,  0,  0,
    0,  0,  0,  0,  0,  0,  0,  0,  0,  0,  0,  0,  0,  0,  0,  0,  0,  0,
    0,  0,  0,  0,  0,  0,  0,  0, 14,189,254,254,254,253,255,255,255,255,
  255,255,255,255,255,255,255,255,255,255,255,255,255,255,255,255,255,255,
  255,255,255,255,255,255,255,255,255,255,254,253,253,242],
 [254,255,252,255,255,252,255,254,254,255,255,255,255,255,255,254,254,254,
  254,254,254,254,253,253,255,255,255,255,255,255,255,255,255,254,255,255,
  254,255,254,155, 14,  1,  3,  0,  2,  0,  1,  0,  0,  0,  0,  0,  0,  0,
    0,  0,  0,  0,  0,  0,  0,  0,  0,  0,  0,  0,  0,  0,  0,  0,  0,  0,
    0,  0,  0,  0,  0,  0,  0,  0, 14,189,254,254,254,253,255,255,255,255,
  255,255,255,255,255,255,255,255,255,255,255,255,255,255,255,255,255,255,
  255,255,255,255,255,255,255,255,255,255,254,253,253,242],
 [254,255,252,255,255,252,255,254,254,255,255,255,255,255,255,254,254,254,
  254,254,254,254,254,254,255,255,255,255,255,255,255,255,255,254,255,255,
  254,255,254,155, 13,  1,  4,  0,  2,  0,  1,  1,  0,  0,  0,  0,  0,  0,
    0,  0,  0,  0,  0,  0,  0,  0,  0,  0,  0,  0,  0,  0,  0,  0,  0,  0,
    0,  0,  0,  0,  0,  0,  0,  0, 14,189,254,254,254,253,255,255,255,255,
  255,255,255,255,255,255,255,255,255,255,255,255,255,255,255,255,255,255,
  255,255,255,255,255,255,255,255,255,255,254,253,253,242],
 [254,255,252,255,255,252,255,254,255,255,255,255,255,255,255,255,254,254,
  254,254,255,255,255,255,255,255,255,255,255,255,255,255,255,254,255,255,
  254,255,254,155, 13,  0,  4,  0,  2,  0,  0,  1,  0,  0,  0,  0,  0,  0,
    0,  0,  0,  0,  0,  0,  0,  0,  0,  0,  0,  0,  0,  0,  0,  0,  0,  0,
    0,  0,  0,  0,  0,  0,  0,  0, 14,189,254,254,254,253,255,255,255,255,
  255,255,255,255,255,255,255,255,255,255,255,255,255,255,255,255,255,255,
  255,255,255,255,255,255,255,255,255,255,254,253,253,242],
 [254,255,252,255,255,252,255,254,255,255,255,255,255,255,255,255,255,255,
  255,255,255,255,255,255,255,255,255,255,255,255,255,255,255,254,255,255,
  254,255,254,155, 12,  0,  5,  0,  2,  0,  0,  1,  0,  0,  0,  0,  0,  0,
    0,  0,  0,  0,  0,  0,  0,  0,  0,  0,  0,  0,  0,  0,  0,  0,  0,  0,
    0,  0,  0,  0,  0,  0,  0,  0, 14,189,254,254,254,253,255,255,255,255,
  255,255,255,255,255,255,255,255,255,255,255,255,255,255,255,255,255,255,
  255,255,255,255,255,255,255,255,255,255,254,253,253,242],
 [254,255,252,255,255,252,255,254,255,255,255,255,255,255,255,255,255,255,
  255,255,255,255,255,255,255,255,255,255,255,255,255,255,255,254,255,255,
  254,255,254,155, 12,  0,  5,  0,  2,  0,  0,  1,  0,  0,  0,  0,  0,  0,
    0,  0,  0,  0,  0,  0,  0,  0,  0,  0,  0,  0,  0,  0,  0,  0,  0,  0,
    0,  0,  0,  0,  0,  0,  0,  0, 14,189,254,254,254,253,255,255,255,255,
  255,255,255,255,255,255,255,255,255,255,255,255,255,255,255,255,255,255,
  255,255,255,255,255,255,255,255,255,255,254,253,253,242],
 [254,255,252,255,255,252,255,254,255,255,255,255,255,255,255,255,255,255,
  255,255,255,255,255,255,255,255,255,255,255,255,255,255,255,254,255,255,
  254,255,255,157, 12,  1,  5,  0,  1,  0,  1,  0,  0,  0,  0,  0,  0,  0,
    0,  0,  0,  0,  0,  0,  0,  0,  0,  0,  0,  0,  0,  0,  0,  0,  0,  0,
    0,  0,  0,  0,  0,  0,  0,  0, 13,189,254,255,255,253,255,255,255,255,
  255,255,255,255,255,255,255,255,255,255,255,255,255,255,255,255,255,255,
  255,255,255,255,255,255,255,255,255,255,254,253,253,242],
 [254,255,252,255,255,252,255,254,255,255,255,255,255,255,255,255,255,255,
  255,255,255,255,255,255,255,255,255,255,255,255,255,255,255,254,255,255,
  254,255,255,157, 12,  1,  5,  0,  1,  0,  1,  0,  0,  0,  0,  0,  0,  0,
    0,  0,  0,  0,  0,  0,  0,  0,  0,  0,  0,  0,  0,  0,  0,  0,  0,  0,
    0,  0,  0,  0,  0,  0,  0,  0, 13,189,254,255,255,253,255,255,255,255,
  255,255,255,255,255,255,255,255,255,255,255,255,255,255,255,255,255,255,
  255,255,255,255,255,255,255,255,255,255,254,253,253,242],
 [254,255,252,255,255,252,255,254,255,255,255,255,255,255,255,255,255,255,
  255,255,255,255,255,255,255,255,255,255,255,255,255,255,255,254,255,255,
  254,255,255,157, 12,  1,  5,  0,  1,  0,  1,  0,  0,  0,  0,  0,  0,  0,
    0,  0,  0,  0,  0,  0,  0,  0,  0,  0,  0,  0,  0,  0,  0,  0,  0,  0,
    0,  0,  0,  0,  0,  0,  0,  0, 13,189,254,255,255,253,255,255,255,255,
  255,255,255,255,255,255,255,255,255,255,255,255,255,255,255,255,255,255,
  255,255,255,255,255,255,255,255,255,255,254,253,253,242],
 [254,255,252,255,255,252,255,254,255,255,255,255,255,255,255,255,255,255,
  255,255,255,255,255,255,255,255,255,255,255,255,255,255,255,254,255,255,
  254,255,255,157, 12,  1,  5,  0,  1,  0,  1,  0,  0,  0,  0,  0,  0,  0,
    0,  0,  0,  0,  0,  0,  0,  0,  0,  0,  0,  0,  0,  0,  0,  0,  0,  0,
    0,  0,  0,  0,  0,  0,  0,  0, 13,189,254,255,255,253,255,255,255,255,
  255,255,255,255,255,255,255,255,255,255,255,255,255,255,255,255,255,255,
  255,255,255,255,255,255,255,255,255,255,254,253,253,242],
 [254,255,252,255,255,252,255,254,255,255,255,255,255,255,255,255,255,255,
  255,255,255,255,255,255,255,255,255,255,255,255,255,255,255,254,255,255,
  254,255,255,157, 12,  1,  5,  0,  1,  0,  1,  0,  0,  0,  0,  0,  0,  0,
    0,  0,  0,  0,  0,  0,  0,  0,  0,  0,  0,  0,  0,  0,  0,  0,  0,  0,
    0,  0,  0,  0,  0,  0,  0,  0, 13,189,254,255,255,253,255,255,255,255,
  255,255,255,255,255,255,255,255,255,255,255,255,255,255,255,255,255,255,
  255,255,255,255,255,255,255,255,255,255,254,253,253,242],
 [254,255,252,255,255,252,255,254,255,255,255,255,255,255,255,255,255,255,
  255,255,255,255,255,255,255,255,255,255,255,255,255,255,255,254,255,255,
  254,255,255,157, 12,  1,  5,  0,  1,  0,  1,  0,  0,  0,  0,  0,  0,  0,
    0,  0,  0,  0,  0,  0,  0,  0,  0,  0,  0,  0,  0,  0,  0,  0,  0,  0,
    0,  0,  0,  0,  0,  0,  0,  0, 13,189,254,255,255,253,255,255,255,255,
  255,255,255,255,255,255,255,255,255,255,255,255,255,255,255,255,255,255,
  255,255,255,255,255,255,255,255,255,255,254,253,253,242],
 [254,255,252,255,255,252,255,254,255,255,255,255,255,255,255,255,255,255,
  255,255,255,255,255,255,255,255,255,255,255,255,255,255,255,254,255,255,
  254,255,255,157, 12,  1,  5,  0,  1,  0,  1,  0,  0,  0,  0,  0,  0,  0,
    0,  0,  0,  0,  0,  0,  0,  0,  0,  0,  0,  0,  0,  0,  0,  0,  0,  0,
    0,  0,  0,  0,  0,  0,  0,  0, 13,189,254,255,255,253,255,255,255,255,
  255,255,255,255,255,255,255,255,255,255,255,255,255,255,255,255,255,255,
  255,255,255,255,255,255,255,255,255,255,254,253,253,242],
 [254,255,252,255,255,252,255,254,255,255,255,255,255,255,255,255,255,255,
  255,255,255,255,255,255,255,255,255,255,255,255,255,255,255,254,255,255,
  254,255,255,157, 12,  1,  5,  0,  1,  0,  1,  0,  0,  0,  0,  0,  0,  0,
    0,  0,  0,  0,  0,  0,  0,  0,  0,  0,  0,  0,  0,  0,  0,  0,  0,  0,
    0,  0,  0,  0,  0,  0,  0,  0, 13,189,254,255,255,253,255,255,255,255,
  255,255,255,255,255,255,255,255,255,255,255,255,255,255,255,255,255,255,
  255,255,255,255,255,255,255,255,255,255,254,253,253,242],
 [254,255,252,255,255,252,255,254,255,255,255,255,255,255,255,255,255,255,
  255,255,255,255,255,255,255,255,255,255,255,255,255,255,255,254,255,255,
  254,255,254,155, 11,  2,  2,  1,  1,  1,  0,  1,  0,  0,  0,  0,  0,  0,
    0,  0,  0,  0,  0,  0,  0,  0,  0,  0,  0,  0,  0,  0,  0,  0,  0,  0,
    1,  0,  0,  0,  0,  0,  0,  0, 15,182,255,253,255,253,255,253,255,255,
  255,255,255,255,255,255,255,255,255,255,255,255,255,255,255,255,255,255,
  255,255,255,255,255,255,255,255,255,255,254,253,253,242],
 [254,255,252,255,255,252,255,254,255,255,255,255,255,255,255,255,255,255,
  255,255,255,255,255,255,255,255,255,255,255,255,255,255,255,254,255,255,
  254,255,254,155, 11,  3,  5,  2,  0,  2,  1,  2,  1,  1,  1,  1,  1,  1,
    1,  1,  1,  1,  1,  1,  1,  1,  1,  1,  1,  1,  1,  1,  1,  1,  1,  1,
    0,  0,  0,  0,  0,  0,  0,  0, 14,187,255,254,252,255,255,253,255,255,
  255,255,255,255,255,255,255,255,255,255,255,255,255,255,255,255,255,255,
  255,255,255,255,255,255,255,255,255,255,254,253,254,243],
 [254,255,252,255,255,252,255,254,255,255,255,255,255,255,255,255,255,255,
  255,255,255,255,255,255,255,255,255,255,255,255,255,255,255,254,255,255,
  254,255,254,155, 11,  0,  5,  3,  0,  1,  3,  0,  0,  0,  0,  0,  0,  0,
    0,  0,  0,  0,  0,  0,  0,  0,  0,  0,  0,  0,  0,  0,  0,  0,  0,  0,
    0,  0,  0,  0,  0,  0,  0,  0, 14,190,254,255,250,255,255,254,255,255,
  255,255,255,255,255,255,255,255,255,255,255,255,255,255,255,255,255,255,
  255,255,255,255,255,255,255,255,255,255,254,253,254,242],
 [254,255,252,255,255,252,255,254,255,255,255,255,255,255,255,255,255,255,
  255,255,255,255,255,255,255,255,255,255,255,255,255,255,255,254,255,255,
  254,255,254,155, 16,  0,  3,  5,  0,  0,  3,  0,  0,  0,  0,  0,  0,  0,
    0,  0,  0,  0,  0,  0,  0,  0,  0,  0,  0,  0,  0,  0,  0,  0,  0,  0,
    0,  0,  1,  1,  1,  0,  0,  0, 14,191,252,254,253,255,254,255,255,255,
  255,255,255,255,255,255,255,255,255,255,255,255,255,255,255,255,255,255,
  255,255,255,255,255,255,255,255,255,255,254,253,252,241],
 [254,255,252,255,255,252,255,254,255,255,255,255,255,255,255,255,255,255,
  255,255,255,255,255,255,255,255,255,255,255,255,255,255,255,254,255,255,
  254,255,254,155, 22,  0,  2,  9,  2,  2,  3,  1,  2,  2,  2,  2,  2,  2,
    2,  2,  2,  2,  2,  2,  2,  2,  2,  2,  2,  2,  2,  2,  2,  2,  2,  2,
    0,  1,  2,  1,  0,  0,  0,  0, 14,189,252,251,255,249,254,255,255,255,
  255,255,255,255,255,255,255,255,255,255,255,255,255,255,255,255,255,255,
  255,255,255,255,255,255,255,255,255,255,254,253,253,242],
 [254,255,252,255,255,252,255,254,255,255,255,255,255,255,255,255,255,255,
  255,255,255,255,255,255,255,255,255,255,255,255,255,255,255,254,255,255,
  254,255,254,155, 20,  0,  2,  8,  3,  2,  1,  1,  0,  0,  0,  0,  0,  0,
    0,  0,  0,  0,  0,  0,  0,  0,  0,  0,  0,  0,  0,  0,  0,  0,  0,  0,
    1,  1,  2,  1,  0,  0,  1,  2, 11,190,253,250,255,246,254,255,255,255,
  255,255,255,255,255,255,255,255,255,255,255,255,255,255,255,255,255,255,
  255,255,255,255,255,255,255,255,255,255,254,253,254,245],
 [254,255,252,255,255,252,255,254,255,255,255,255,255,255,255,255,255,255,
  255,255,255,255,255,255,255,255,255,255,255,255,255,255,255,254,255,255,
  254,255,254,155, 11,  1,  4,  3,  1,  2,  0,  0,  0,  0,  0,  0,  0,  0,
    0,  0,  0,  0,  0,  0,  0,  0,  0,  0,  0,  0,  0,  0,  0,  0,  0,  0,
    0,  1,  1,  0,  0,  0,  2,  5,  6,196,255,251,255,249,255,255,255,255,
  255,255,255,255,255,255,255,255,255,255,255,255,255,255,255,255,255,255,
  255,255,255,255,255,255,255,255,255,255,254,253,250,241],
 [254,255,252,255,255,252,255,254,255,255,255,255,255,255,255,255,255,255,
  255,255,255,255,255,255,255,255,255,255,255,255,255,255,255,254,255,255,
  254,255,254,155,  5,  5,  8,  2,  0,  4,  2,  1,  2,  2,  2,  2,  2,  2,
    2,  2,  2,  2,  2,  2,  2,  2,  2,  2,  2,  2,  2,  2,  2,  2,  2,  2,
    0,  0,  1,  0,  0,  1,  4,  7,  1,202,255,252,251,253,255,254,255,255,
  255,255,255,255,255,255,255,255,255,255,255,255,255,255,255,255,255,255,
  255,255,255,255,255,255,255,255,255,255,254,253,244,235],
 [252,248,247,252,254,252,251,253,253,253,253,253,253,253,253,253,253,253,
  253,253,253,253,253,253,253,253,253,253,253,253,253,253,251,252,255,251,
  247,254,255,162, 22,  0,  0,  6,  4,  0,  0,  0,  0,  0,  0,  0,  0,  0,
    0,  0,  0,  0,  0,  0,  0,  0,  0,  0,  0,  0,  0,  0,  0,  0,  0,  0,
    0,  1,  1,  1,  1,  0,  0,  0,  9,188,246,255,254,252,255,249,253,253,
  253,253,253,253,253,253,253,253,253,253,253,253,253,253,253,253,253,253,
  253,253,253,253,254,254,253,254,254,253,250,248,255,251],
 [172,168,167,171,173,171,170,171,170,170,170,170,170,170,170,170,170,170,
  170,170,170,170,170,170,170,170,170,170,170,170,170,170,171,167,166,167,
  175,170,160,101, 52, 43, 43, 48, 46, 45, 47, 45, 44, 44, 44, 44, 44, 44,
   44, 44, 44, 44, 44, 44, 44, 44, 44, 44, 46, 46, 46, 46, 46, 46, 46, 46,
   46, 46, 47, 47, 47, 46, 45, 45, 67,124,168,174,172,167,172,172,170,170,
  170,170,170,170,170,170,170,170,170,170,170,170,170,170,170,170,170,170,
  170,170,170,170,169,169,168,169,169,169,167,166,159,157],
 [ 25, 21, 20, 22, 23, 21, 20, 21, 21, 21, 21, 21, 21, 21, 21, 21, 21, 21,
   21, 21, 21, 21, 21, 21, 21, 21, 21, 21, 21, 21, 21, 21, 20, 26, 24, 22,
   23, 17, 30, 57,207,218,222,218,218,222,222,220,224,224,224,224,224,224,
  224,224,224,224,224,224,224,224,224,224,222,222,222,222,222,222,222,222,
  221,221,222,222,221,221,220,220,187, 51, 30, 17, 21, 21, 25, 20, 21, 21,
   21, 21, 21, 21, 21, 21, 21, 21, 21, 21, 21, 21, 21, 21, 21, 21, 21, 21,
   21, 21, 21, 21, 23, 22, 22, 22, 23, 24, 23, 23, 28, 31],
 [  6,  3,  1,  2,  2,  1,  1,  2,  2,  2,  2,  2,  2,  2,  2,  2,  2,  2,
    2,  2,  2,  2,  2,  2,  2,  2,  2,  2,  2,  2,  2,  2,  0,  0,  0,  0,
    2,  0,  3, 60,230,252,255,249,252,255,254,254,255,255,255,255,255,255,
  255,255,255,255,255,255,255,255,255,255,255,255,255,255,255,255,255,255,
  255,255,255,254,254,254,254,253,233, 18,  1,  5,  6,  1,  3,  0,  2,  2,
    2,  2,  2,  2,  2,  2,  2,  2,  2,  2,  2,  2,  2,  2,  2,  2,  2,  2,
    2,  2,  2,  2,  2,  1,  1,  1,  2,  3,  3,  3,  0,  4],
 [  3,  1,  0,  0,  0,  0,  0,  1,  1,  1,  1,  1,  1,  1,  1,  1,  1,  1,
    1,  1,  1,  1,  1,  1,  1,  1,  1,  1,  1,  1,  1,  1,  5,  0,  0,  2,
    5,  6,  0, 45,231,253,255,250,255,255,253,255,255,255,255,255,255,255,
  255,255,255,255,255,255,255,255,255,255,255,255,255,255,255,255,255,255,
  255,255,255,255,255,254,254,254,241, 19,  2,  8,  0,  0,  1,  5,  1,  1,
    1,  1,  1,  1,  1,  1,  1,  1,  1,  1,  1,  1,  1,  1,  1,  1,  1,  1,
    1,  1,  1,  1,  1,  0,  0,  0,  0,  0,  1,  2,  6, 10],
 [  2,  2,  1,  1,  1,  0,  1,  1,  1,  1,  1,  1,  1,  1,  1,  1,  1,  1,
    1,  1,  1,  1,  1,  1,  1,  1,  1,  1,  1,  1,  1,  1,  0,  0,  1,  0,
    0,  0,  2, 53,234,252,255,250,255,255,251,255,255,255,255,255,255,255,
  255,255,255,255,255,255,255,255,255,255,254,254,254,254,254,254,254,254,
  255,255,254,254,253,253,254,254,236, 22,  0,  5,  5,  4,  1,  0,  1,  1,
    1,  1,  1,  1,  1,  1,  1,  1,  1,  1,  1,  1,  1,  1,  1,  1,  1,  1,
    1,  1,  1,  1,  2,  3,  2,  2,  1,  1,  2,  3,  3,  7],
 [  1,  2,  2,  1,  1,  0,  1,  1,  1,  1,  1,  1,  1,  1,  1,  1,  1,  1,
    1,  1,  1,  1,  1,  1,  1,  1,  1,  1,  1,  1,  1,  1,  1,  0,  2,  0,
    5,  5,  2, 48,236,251,255,252,254,255,253,255,254,254,254,254,254,254,
  254,254,254,254,254,254,254,254,254,254,255,255,255,255,255,255,255,255,
  255,255,255,254,254,254,254,255,233, 24,  2,  0,  1,  0,  1,  2,  1,  1,
    1,  1,  1,  1,  1,  1,  1,  1,  1,  1,  1,  1,  1,  1,  1,  1,  1,  1,
    1,  1,  1,  1,  0,  0,  0,  0,  0,  0,  0,  0,  2,  6],
 [  0,  1,  2,  1,  0,  0,  0,  0,  0,  0,  0,  0,  0,  0,  0,  0,  0,  0,
    0,  0,  0,  0,  0,  0,  0,  0,  0,  0,  0,  0,  0,  0,  0,  1,  0,  0,
    5,  0,  0, 56,233,250,255,252,252,254,254,255,255,255,255,255,255,255,
  255,255,255,255,255,255,255,255,255,255,255,255,255,255,255,255,255,255,
  255,255,255,254,254,254,254,255,236, 21,  5,  0,  5,  0,  0,  0,  0,  0,
    0,  0,  0,  0,  0,  0,  0,  0,  0,  0,  0,  0,  0,  0,  0,  0,  0,  0,
    0,  0,  0,  0,  0,  1,  2,  2,  1,  1,  2,  3,  3,  8],
 [  1,  1,  0,  0,  0,  0,  1,  1,  1,  1,  1,  1,  1,  1,  1,  1,  1,  1,
    1,  1,  1,  1,  1,  1,  1,  1,  1,  1,  1,  1,  1,  1,  0,  0,  0,  0,
    1,  2,  1, 52,234,253,255,253,255,254,255,255,255,255,255,255,255,255,
  255,255,255,255,255,255,255,255,255,255,255,255,255,255,255,255,255,255,
  255,255,255,255,254,254,254,254,236, 18,  0,  0,  1,  0,  5,  0,  1,  1,
    1,  1,  1,  1,  1,  1,  1,  1,  1,  1,  1,  1,  1,  1,  1,  1,  1,  1,
    1,  1,  1,  1,  2,  2,  2,  2,  2,  2,  2,  2,  2,  8],
 [  1,  1,  0,  0,  0,  0,  1,  1,  1,  1,  1,  1,  1,  1,  1,  1,  1,  1,
    1,  1,  1,  1,  1,  1,  1,  1,  1,  1,  1,  1,  1,  1,  0,  0,  0,  0,
    1,  2,  1, 52,234,253,255,253,255,254,255,255,255,255,255,255,255,255,
  255,255,255,255,255,255,255,255,255,255,255,255,255,255,255,255,255,255,
  255,255,255,255,254,254,254,254,236, 18,  1,  0,  1,  0,  5,  0,  1,  1,
    1,  1,  1,  1,  1,  1,  1,  1,  1,  1,  1,  1,  1,  1,  1,  1,  1,  1,
    1,  1,  1,  1,  1,  1,  1,  1,  1,  1,  1,  1,  2,  8],
 [  1,  1,  0,  0,  0,  0,  1,  1,  1,  1,  1,  1,  1,  1,  1,  1,  1,  1,
    1,  1,  1,  1,  1,  1,  1,  1,  1,  1,  1,  1,  1,  1,  0,  0,  0,  0,
    1,  2,  1, 52,234,253,255,253,255,254,255,255,255,255,255,255,255,255,
  255,255,255,255,255,255,255,255,255,255,255,255,255,255,255,255,255,255,
  255,255,255,255,254,254,254,254,237, 17,  1,  0,  0,  0,  3,  0,  1,  1,
    1,  1,  1,  1,  1,  1,  1,  1,  1,  1,  1,  1,  1,  1,  1,  1,  1,  1,
    1,  1,  1,  1,  1,  1,  1,  1,  1,  1,  1,  1,  2,  8],
 [  1,  1,  0,  0,  0,  0,  1,  1,  1,  1,  1,  1,  1,  1,  1,  1,  1,  1,
    1,  1,  1,  1,  1,  1,  1,  1,  1,  1,  1,  1,  1,  1,  0,  0,  0,  0,
    1,  2,  1, 52,234,253,255,253,255,254,255,255,255,255,255,255,255,255,
  255,255,255,255,255,255,255,255,255,255,255,255,255,255,255,255,255,255,
  255,255,255,255,254,254,254,254,238, 16,  2,  0,  0,  0,  2,  0,  1,  1,
    1,  1,  1,  1,  1,  1,  1,  1,  1,  1,  1,  1,  1,  1,  1,  1,  1,  1,
    1,  1,  1,  1,  0,  0,  0,  0,  0,  0,  0,  0,  2,  8],
 [  0,  0,  1,  1,  1,  1,  0,  0,  0,  0,  0,  0,  0,  0,  0,  0,  0,  0,
    0,  0,  0,  0,  0,  0,  0,  0,  0,  0,  0,  0,  0,  0,  0,  0,  0,  0,
    1,  2,  1, 52,234,253,255,253,255,254,255,255,255,255,255,255,255,255,
  255,255,255,255,255,255,255,255,255,255,255,255,255,255,255,255,255,255,
  255,255,255,255,254,254,254,254,239, 15,  3,  0,  0,  0,  0,  0,  0,  0,
    0,  0,  0,  0,  0,  0,  0,  0,  0,  0,  0,  0,  0,  0,  0,  0,  0,  0,
    0,  0,  0,  0,  0,  0,  0,  0,  0,  0,  0,  0,  2,  8],
 [  0,  0,  1,  1,  1,  1,  0,  0,  0,  0,  0,  0,  0,  0,  0,  0,  0,  0,
    0,  0,  0,  0,  0,  0,  0,  0,  0,  0,  0,  0,  0,  0,  0,  0,  0,  0,
    1,  2,  1, 52,234,253,255,253,255,254,255,255,255,255,255,255,255,255,
  255,255,255,255,255,255,255,255,255,255,255,255,255,255,255,255,255,255,
  255,255,255,255,254,254,254,254,240, 13,  4,  0,  0,  0,  0,  1,  0,  0,
    0,  0,  0,  0,  0,  0,  0,  0,  0,  0,  0,  0,  0,  0,  0,  0,  0,  0,
    0,  0,  0,  0,  0,  0,  0,  0,  0,  0,  0,  0,  2,  8],
 [  0,  0,  1,  1,  1,  1,  0,  0,  0,  0,  0,  0,  0,  0,  0,  0,  0,  0,
    0,  0,  0,  0,  0,  0,  0,  0,  0,  0,  0,  0,  0,  0,  0,  0,  0,  0,
    1,  2,  1, 52,234,253,255,253,255,254,255,255,255,255,255,255,255,255,
  255,255,255,255,255,255,255,255,255,255,255,255,255,255,255,255,255,255,
  255,255,255,255,254,254,254,254,241, 12,  4,  0,  0,  0,  0,  1,  0,  0,
    0,  0,  0,  0,  0,  0,  0,  0,  0,  0,  0,  0,  0,  0,  0,  0,  0,  0,
    0,  0,  0,  0,  0,  0,  0,  0,  0,  0,  0,  0,  2,  8],
 [  0,  0,  1,  1,  1,  1,  0,  0,  0,  0,  0,  0,  0,  0,  0,  0,  0,  0,
    0,  0,  0,  0,  0,  0,  0,  0,  0,  0,  0,  0,  0,  0,  0,  0,  0,  0,
    1,  2,  1, 52,234,253,255,253,255,254,255,255,255,255,255,255,255,255,
  255,255,255,255,255,255,255,255,255,255,255,255,255,255,255,255,255,255,
  255,255,255,255,254,254,254,254,241, 12,  5,  0,  0,  1,  0,  1,  0,  0,
    0,  0,  0,  0,  0,  0,  0,  0,  0,  0,  0,  0,  0,  0,  0,  0,  0,  0,
    0,  0,  0,  0,  0,  0,  0,  0,  0,  0,  0,  0,  2,  8],
 [  0,  1,  1,  2,  1,  0,  0,  0,  0,  0,  0,  0,  0,  0,  0,  0,  0,  0,
    0,  0,  0,  0,  0,  0,  0,  0,  0,  0,  0,  0,  0,  0,  0,  0,  0,  0,
    1,  2,  1, 52,234,253,255,253,255,254,255,255,255,255,255,255,255,255,
  255,255,255,255,255,255,255,255,255,255,255,255,255,255,255,255,255,255,
  255,255,255,255,254,254,254,254,241, 12,  3,  0,  0,  0,  0,  0,  0,  0,
    0,  0,  0,  0,  0,  0,  0,  0,  0,  0,  0,  0,  0,  0,  0,  0,  0,  0,
    0,  0,  0,  0,  0,  0,  0,  0,  0,  0,  0,  0,  1,  8],
 [  0,  1,  1,  2,  1,  0,  0,  0,  0,  0,  0,  0,  0,  0,  0,  0,  0,  0,
    0,  0,  0,  0,  0,  0,  0,  0,  0,  0,  0,  0,  0,  0,  0,  0,  0,  0,
    1,  2,  1, 52,234,253,255,253,255,254,255,255,255,255,255,255,255,255,
  255,255,255,255,255,255,255,255,255,255,255,255,255,255,255,255,255,255,
  255,255,255,255,254,254,254,254,241, 12,  3,  0,  0,  0,  0,  0,  0,  0,
    0,  0,  0,  0,  0,  0,  0,  0,  0,  0,  0,  0,  0,  0,  0,  0,  0,  0,
    0,  0,  0,  0,  0,  0,  0,  0,  0,  0,  0,  0,  1,  8],
 [  0,  1,  1,  2,  1,  0,  0,  0,  0,  0,  0,  0,  0,  0,  0,  0,  0,  0,
    0,  0,  0,  0,  0,  0,  0,  0,  0,  0,  0,  0,  0,  0,  0,  0,  0,  0,
    1,  2,  1, 52,234,253,255,253,255,254,255,255,255,255,255,255,255,255,
  255,255,255,255,255,255,255,255,255,255,255,255,255,255,255,255,255,255,
  255,255,255,255,254,254,254,254,241, 12,  3,  0,  0,  0,  0,  0,  0,  0,
    0,  0,  0,  0,  0,  0,  0,  0,  0,  0,  0,  0,  0,  0,  0,  0,  0,  0,
    0,  0,  0,  0,  0,  0,  0,  0,  0,  0,  0,  0,  1,  8],
 [  0,  1,  1,  2,  1,  0,  0,  0,  0,  0,  0,  0,  0,  0,  0,  0,  0,  0,
    0,  0,  0,  0,  0,  0,  0,  0,  0,  0,  0,  0,  0,  0,  0,  0,  0,  0,
    1,  2,  1, 52,234,253,255,253,255,254,255,255,255,255,255,255,255,255,
  255,255,255,255,255,255,255,255,255,255,255,255,255,255,255,255,255,255,
  255,255,255,255,254,254,254,254,241, 12,  3,  0,  0,  0,  0,  0,  0,  0,
    0,  0,  0,  0,  0,  0,  0,  0,  0,  0,  0,  0,  0,  0,  0,  0,  0,  0,
    0,  0,  0,  0,  0,  0,  0,  0,  0,  0,  0,  0,  1,  8],
 [  0,  1,  1,  2,  1,  0,  0,  0,  0,  0,  0,  0,  0,  0,  0,  0,  0,  0,
    0,  0,  0,  0,  0,  0,  0,  0,  0,  0,  0,  0,  0,  0,  0,  0,  0,  0,
    1,  2,  1, 52,234,253,255,253,255,254,255,255,255,255,255,255,255,255,
  255,255,255,255,255,255,255,255,255,255,255,255,255,255,255,255,255,255,
  255,255,255,255,254,254,254,254,241, 12,  3,  0,  0,  0,  0,  0,  0,  0,
    0,  0,  0,  0,  0,  0,  0,  0,  0,  0,  0,  0,  0,  0,  0,  0,  0,  0,
    0,  0,  0,  0,  0,  0,  0,  0,  0,  0,  0,  0,  1,  8],
 [  0,  1,  1,  2,  1,  0,  0,  0,  0,  0,  0,  0,  0,  0,  0,  0,  0,  0,
    0,  0,  0,  0,  0,  0,  0,  0,  0,  0,  0,  0,  0,  0,  0,  0,  0,  0,
    1,  2,  1, 52,234,253,255,253,255,254,255,255,255,255,255,255,255,255,
  255,255,255,255,255,255,255,255,255,255,255,255,255,255,255,255,255,255,
  255,255,255,255,254,254,254,254,241, 12,  3,  0,  0,  0,  0,  0,  0,  0,
    0,  0,  0,  0,  0,  0,  0,  0,  0,  0,  0,  0,  0,  0,  0,  0,  0,  0,
    0,  0,  0,  0,  0,  0,  0,  0,  0,  0,  0,  0,  1,  8],
 [  0,  1,  1,  2,  1,  0,  0,  0,  0,  0,  0,  0,  0,  0,  0,  0,  0,  0,
    0,  0,  0,  0,  0,  0,  0,  0,  0,  0,  0,  0,  0,  0,  0,  0,  0,  0,
    1,  2,  1, 52,234,253,255,253,255,254,255,255,255,255,255,255,255,255,
  255,255,255,255,255,255,255,255,255,255,255,255,255,255,255,255,255,255,
  255,255,255,255,254,254,254,254,241, 12,  3,  0,  0,  0,  0,  0,  0,  0,
    0,  0,  0,  0,  0,  0,  0,  0,  0,  0,  0,  0,  0,  0,  0,  0,  0,  0,
    0,  0,  0,  0,  0,  0,  0,  0,  0,  0,  0,  0,  1,  8],
 [  0,  1,  1,  2,  1,  0,  0,  0,  0,  0,  0,  0,  0,  0,  0,  0,  0,  0,
    0,  0,  0,  0,  0,  0,  0,  0,  0,  0,  0,  0,  0,  0,  0,  0,  0,  0,
    1,  2,  1, 52,234,253,255,253,255,254,255,255,255,255,255,255,255,255,
  255,255,255,255,255,255,255,255,255,255,255,255,255,255,255,255,255,255,
  255,255,255,255,254,254,254,254,241, 12,  3,  0,  0,  0,  0,  0,  0,  0,
    0,  0,  0,  0,  0,  0,  0,  0,  0,  0,  0,  0,  0,  0,  0,  0,  0,  0,
    0,  0,  0,  0,  0,  0,  0,  0,  0,  0,  0,  0,  1,  8],
 [  0,  1,  1,  2,  1,  0,  0,  0,  0,  0,  0,  0,  0,  0,  0,  0,  0,  0,
    0,  0,  0,  0,  0,  0,  0,  0,  0,  0,  0,  0,  0,  0,  0,  0,  0,  0,
    1,  2,  1, 52,234,253,255,253,255,254,255,255,255,255,255,255,255,255,
  255,255,255,255,255,255,255,255,255,255,255,255,255,255,255,255,255,255,
  255,255,255,255,254,254,254,254,241, 12,  3,  0,  0,  0,  0,  0,  0,  0,
    0,  0,  0,  0,  0,  0,  0,  0,  0,  0,  0,  0,  0,  0,  0,  0,  0,  0,
    0,  0,  0,  0,  0,  0,  0,  0,  0,  0,  0,  0,  1,  8],
 [  0,  1,  1,  2,  1,  0,  0,  0,  0,  0,  0,  0,  0,  0,  0,  0,  0,  0,
    0,  0,  0,  0,  0,  0,  0,  0,  0,  0,  0,  0,  0,  0,  0,  0,  0,  0,
    1,  2,  1, 52,234,253,255,253,255,254,255,255,255,255,255,255,255,255,
  255,255,255,255,255,255,255,255,255,255,255,255,255,255,255,255,255,255,
  255,255,255,255,254,254,254,254,241, 12,  3,  0,  0,  0,  0,  0,  0,  0,
    0,  0,  0,  0,  0,  0,  0,  0,  0,  0,  0,  0,  0,  0,  0,  0,  0,  0,
    0,  0,  0,  0,  0,  0,  0,  0,  0,  0,  0,  0,  1,  8],
 [  0,  1,  1,  2,  1,  0,  0,  0,  0,  0,  0,  0,  0,  0,  0,  0,  0,  0,
    0,  0,  0,  0,  0,  0,  0,  0,  0,  0,  0,  0,  0,  0,  0,  0,  0,  0,
    1,  2,  1, 52,234,253,255,253,255,254,255,255,255,255,255,255,255,255,
  255,255,255,255,255,255,255,255,255,255,255,255,255,255,255,255,255,255,
  255,255,255,255,254,254,254,254,241, 12,  3,  0,  0,  0,  0,  0,  0,  0,
    0,  0,  0,  0,  0,  0,  0,  0,  0,  0,  0,  0,  0,  0,  0,  0,  0,  0,
    0,  0,  0,  0,  0,  0,  0,  0,  0,  0,  0,  0,  1,  8],
 [  0,  1,  1,  2,  1,  0,  0,  0,  0,  0,  0,  0,  0,  0,  0,  0,  0,  0,
    0,  0,  0,  0,  0,  0,  0,  0,  0,  0,  0,  0,  0,  0,  0,  0,  0,  0,
    1,  2,  1, 52,234,253,255,253,255,254,255,255,255,255,255,255,255,255,
  255,255,255,255,255,255,255,255,255,255,255,255,255,255,255,255,255,255,
  255,255,255,255,254,254,254,254,241, 12,  3,  0,  0,  0,  0,  0,  0,  0,
    0,  0,  0,  0,  0,  0,  0,  0,  0,  0,  0,  0,  0,  0,  0,  0,  0,  0,
    0,  0,  0,  0,  0,  0,  0,  0,  0,  0,  0,  0,  1,  8],
 [  0,  1,  1,  2,  1,  0,  0,  0,  0,  0,  0,  0,  0,  0,  0,  0,  0,  0,
    0,  0,  0,  0,  0,  0,  0,  0,  0,  0,  0,  0,  0,  0,  0,  0,  0,  0,
    1,  2,  1, 52,234,253,255,253,255,254,255,255,255,255,255,255,255,255,
  255,255,255,255,255,255,255,255,255,255,255,255,255,255,255,255,255,255,
  255,255,255,255,254,254,254,254,241, 12,  3,  0,  0,  0,  0,  0,  0,  0,
    0,  0,  0,  0,  0,  0,  0,  0,  0,  0,  0,  0,  0,  0,  0,  0,  0,  0,
    0,  0,  0,  0,  0,  0,  0,  0,  0,  0,  0,  0,  1,  8],
 [  0,  1,  1,  2,  1,  0,  0,  0,  0,  0,  0,  0,  0,  0,  0,  0,  0,  0,
    0,  0,  0,  0,  0,  0,  0,  0,  0,  0,  0,  0,  0,  0,  0,  0,  0,  0,
    1,  2,  1, 52,234,253,255,253,255,254,255,255,255,255,255,255,255,255,
  255,255,255,255,255,255,255,255,255,255,255,255,255,255,255,255,255,255,
  255,255,255,255,254,254,254,254,241, 12,  3,  0,  0,  0,  0,  0,  0,  0,
    0,  0,  0,  0,  0,  0,  0,  0,  0,  0,  0,  0,  0,  0,  0,  0,  0,  0,
    0,  0,  0,  0,  0,  0,  0,  0,  0,  0,  0,  0,  1,  8],
 [  0,  1,  1,  2,  1,  0,  0,  0,  0,  0,  0,  0,  0,  0,  0,  0,  0,  0,
    0,  0,  0,  0,  0,  0,  0,  0,  0,  0,  0,  0,  0,  0,  0,  0,  0,  0,
    1,  2,  1, 52,234,253,255,253,255,254,255,255,255,255,255,255,255,255,
  255,255,255,255,255,255,255,255,255,255,255,255,255,255,255,255,255,255,
  255,255,255,255,254,254,254,254,241, 12,  3,  0,  0,  0,  0,  0,  0,  0,
    0,  0,  0,  0,  0,  0,  0,  0,  0,  0,  0,  0,  0,  0,  0,  0,  0,  0,
    0,  0,  0,  0,  0,  0,  0,  0,  0,  0,  0,  0,  1,  8],
 [  0,  1,  1,  2,  1,  0,  0,  0,  0,  0,  0,  0,  0,  0,  0,  0,  0,  0,
    0,  0,  0,  0,  0,  0,  0,  0,  0,  0,  0,  0,  0,  0,  0,  0,  0,  0,
    1,  2,  1, 52,234,253,255,253,255,254,255,255,255,255,255,255,255,255,
  255,255,255,255,255,255,255,255,255,255,255,255,255,255,255,255,255,255,
  255,255,255,255,254,254,254,254,241, 12,  3,  0,  0,  0,  0,  0,  0,  0,
    0,  0,  0,  0,  0,  0,  0,  0,  0,  0,  0,  0,  0,  0,  0,  0,  0,  0,
    0,  0,  0,  0,  0,  0,  0,  0,  0,  0,  0,  0,  1,  8],
 [  0,  0,  1,  1,  1,  0,  0,  1,  0,  0,  0,  0,  0,  0,  0,  0,  0,  0,
    0,  0,  0,  0,  0,  0,  0,  0,  0,  0,  0,  0,  0,  0,  0,  0,  0,  0,
    1,  2,  1, 52,234,253,255,253,255,254,255,255,255,255,254,254,254,255,
  255,255,255,255,255,255,255,255,255,255,253,254,255,254,254,255,255,255,
  255,255,255,255,254,254,254,254,241, 12,  3,  0,  0,  0,  0,  0,  0,  0,
    0,  0,  0,  0,  0,  0,  0,  0,  0,  0,  0,  0,  0,  0,  0,  0,  0,  0,
    0,  0,  0,  0,  0,  0,  0,  0,  0,  0,  0,  0,  2,  8],
 [  0,  0,  1,  1,  1,  0,  0,  1,  0,  0,  0,  0,  0,  0,  0,  0,  0,  0,
    0,  0,  0,  0,  0,  0,  0,  0,  0,  0,  0,  0,  0,  0,  0,  0,  0,  0,
    1,  2,  1, 52,234,253,255,253,255,254,255,255,255,255,254,254,254,255,
  255,255,255,255,255,255,255,255,255,255,255,255,255,255,255,255,255,255,
  255,255,255,255,254,254,254,254,241, 12,  3,  0,  0,  0,  0,  0,  0,  0,
    0,  0,  0,  0,  0,  0,  0,  0,  0,  0,  0,  0,  0,  0,  0,  0,  0,  0,
    0,  0,  0,  0,  0,  0,  0,  0,  0,  0,  0,  0,  2,  8],
 [  0,  0,  1,  1,  1,  0,  0,  1,  1,  1,  1,  1,  1,  1,  1,  1,  1,  1,
    1,  1,  1,  1,  1,  1,  0,  0,  0,  0,  0,  0,  0,  0,  0,  0,  0,  0,
    1,  2,  1, 52,234,253,255,253,255,254,255,255,255,255,254,254,254,255,
  255,255,255,255,255,254,254,255,255,255,255,255,255,255,255,254,254,255,
  255,255,255,255,254,254,254,254,241, 12,  3,  0,  0,  0,  0,  0,  0,  0,
    0,  0,  0,  0,  0,  0,  0,  0,  0,  0,  0,  0,  0,  0,  0,  0,  0,  0,
    0,  0,  0,  0,  0,  0,  0,  0,  0,  0,  0,  0,  1,  7],
 [  0,  0,  1,  1,  1,  0,  0,  1,  1,  1,  1,  1,  1,  1,  1,  1,  1,  1,
    1,  1,  1,  1,  1,  1,  0,  0,  0,  0,  0,  0,  0,  0,  0,  0,  0,  0,
    1,  2,  1, 52,234,253,255,253,255,254,255,255,255,255,255,255,255,255,
  255,255,255,255,254,254,254,255,255,255,255,255,255,255,254,253,253,255,
  255,255,255,255,254,254,254,254,241, 12,  3,  0,  0,  0,  0,  0,  0,  0,
    0,  0,  0,  0,  0,  0,  0,  0,  0,  0,  0,  0,  0,  0,  0,  0,  0,  0,
    0,  0,  0,  0,  0,  0,  0,  0,  0,  0,  0,  0,  0,  6],
 [  0,  0,  1,  1,  1,  0,  0,  1,  1,  1,  1,  1,  1,  1,  1,  1,  1,  1,
    1,  1,  1,  1,  1,  1,  0,  0,  0,  0,  0,  0,  0,  0,  0,  0,  0,  0,
    1,  2,  1, 52,234,253,255,253,255,254,255,255,255,255,255,255,255,255,
  255,255,254,254,254,254,254,255,255,255,255,255,255,255,255,253,254,255,
  255,255,255,255,254,254,254,254,241, 12,  3,  0,  0,  0,  0,  0,  0,  0,
    0,  0,  0,  0,  0,  0,  0,  0,  0,  0,  0,  0,  0,  0,  0,  0,  0,  0,
    0,  0,  0,  0,  0,  0,  0,  0,  0,  0,  0,  0,  0,  6],
 [  0,  0,  1,  1,  1,  0,  0,  1,  1,  1,  1,  1,  1,  1,  1,  1,  1,  1,
    1,  1,  1,  1,  1,  1,  0,  0,  0,  0,  0,  0,  0,  0,  0,  0,  0,  0,
    1,  2,  1, 52,234,253,255,253,255,254,255,255,255,255,255,255,255,255,
  254,254,252,252,253,253,254,254,254,255,255,253,252,253,252,251,252,255,
  255,255,255,255,254,254,254,254,241, 12,  3,  0,  0,  0,  0,  0,  0,  0,
    0,  0,  0,  0,  0,  0,  0,  0,  0,  0,  0,  0,  0,  0,  0,  0,  0,  0,
    0,  0,  0,  0,  0,  0,  0,  0,  0,  0,  0,  0,  1,  7],
 [  0,  0,  1,  1,  1,  0,  0,  1,  0,  0,  0,  0,  0,  0,  0,  0,  0,  0,
    0,  0,  0,  0,  0,  0,  0,  0,  0,  0,  0,  0,  0,  0,  0,  0,  0,  0,
    1,  2,  1, 52,234,253,255,253,255,254,255,255,255,255,255,255,255,255,
  254,254,250,251,252,253,254,254,254,253,253,249,248,249,248,247,249,254,
  255,255,255,255,254,254,254,254,241, 12,  3,  0,  0,  0,  0,  0,  0,  0,
    0,  0,  0,  0,  0,  0,  0,  0,  0,  0,  0,  0,  0,  0,  0,  0,  0,  0,
    0,  0,  0,  0,  0,  0,  0,  0,  0,  0,  0,  0,  2,  8],
 [  0,  0,  1,  1,  1,  0,  0,  1,  0,  0,  0,  0,  0,  0,  0,  0,  0,  0,
    0,  0,  0,  0,  0,  0,  0,  0,  0,  0,  0,  0,  0,  0,  0,  0,  0,  0,
    1,  2,  1, 52,234,253,255,253,255,254,255,255,255,255,255,255,255,255,
  254,254,249,250,252,253,254,254,253,252,252,248,246,248,247,246,249,255,
  255,255,255,255,254,254,254,254,241, 12,  3,  0,  0,  0,  0,  0,  0,  0,
    0,  0,  0,  0,  0,  0,  0,  0,  0,  0,  0,  0,  0,  0,  0,  0,  0,  0,
    0,  0,  0,  0,  0,  0,  0,  0,  0,  0,  0,  0,  2,  8],
 [  0,  1,  1,  1,  0,  0,  0,  1,  1,  1,  1,  1,  1,  1,  1,  1,  1,  1,
    1,  1,  1,  1,  1,  1,  0,  0,  0,  0,  0,  0,  0,  0,  0,  0,  0,  0,
    1,  2,  1, 52,234,253,255,253,255,254,255,255,255,255,255,254,255,255,
  254,251,248,248,250,253,254,253,250,248,247,249,251,253,254,255,255,255,
  255,255,255,255,255,255,254,254,241, 11,  3,  0,  0,  3,  2,  0,  0,  0,
    0,  0,  0,  0,  0,  0,  0,  0,  0,  0,  0,  0,  0,  0,  0,  0,  0,  0,
    0,  0,  0,  0,  0,  0,  0,  0,  0,  0,  0,  0,  3,  5],
 [  0,  1,  1,  1,  0,  0,  0,  1,  1,  1,  1,  1,  1,  1,  1,  1,  1,  1,
    1,  1,  1,  1,  1,  1,  0,  0,  0,  0,  0,  0,  0,  0,  0,  0,  0,  0,
    1,  2,  1, 52,234,253,255,253,255,254,255,255,255,255,255,254,255,255,
  254,251,249,248,250,253,254,252,250,249,250,251,253,254,255,255,255,254,
  254,254,254,254,253,253,253,253,240, 11,  3,  0,  1,  3,  2,  0,  0,  0,
    0,  0,  0,  0,  0,  0,  0,  0,  0,  0,  0,  0,  0,  0,  0,  0,  0,  0,
    0,  0,  0,  0,  0,  0,  0,  0,  0,  0,  0,  0,  3,  5],
 [  0,  1,  1,  1,  0,  0,  0,  1,  1,  1,  1,  1,  1,  1,  1,  1,  1,  1,
    1,  1,  1,  1,  1,  1,  0,  0,  0,  0,  0,  0,  0,  0,  0,  0,  0,  0,
    1,  2,  1, 52,234,253,255,253,255,254,255,255,255,255,255,254,255,255,
  254,251,249,248,250,253,254,252,250,249,254,254,255,255,255,255,254,253,
  253,253,252,252,252,252,251,251,239, 11,  2,  0,  1,  4,  3,  0,  0,  0,
    0,  0,  0,  0,  0,  0,  0,  0,  0,  0,  0,  0,  0,  0,  0,  0,  0,  0,
    0,  0,  0,  0,  0,  0,  0,  0,  0,  0,  0,  0,  3,  5]]